Generating the state space took 0:00:00.071336


XXXXXXXXXXXXXXXXXXXXXXXXXXXXXXXXXXXXXXXXXXXXXXXXXXXXXXXXXXXXXXXXXXXXXXXXXXXXXXXX
xxxxxxxxxxxxxxxxxxxxxxxxxxxxxxx m1 = 80, n2 = 4 xxxxxxxxxxxxxxxxxxxxxxxxxxxxxxxx
XXXXXXXXXXXXXXXXXXXXXXXXXXXXXXXXXXXXXXXXXXXXXXXXXXXXXXXXXXXXXXXXXXXXXXXXXXXXXXXX
Using the precise chain
Using the iterative approximation method
Using the detailed state space
The state space has 53130 states
Running simulations for rho = [7.999999999999997, 8.727994626452302, 9.522236274922538, 10.388753379916643, 11.334122959431337, 12.365520535683302, 13.490774598591187, 14.718426025397894, 16.057792907438575, 17.519041276100978, 19.113262264800685, 20.852556292644252, 22.750124908749157, 24.820370994335175, 27.079008083138774, 29.543179629911723, 32.23158913227309, 35.164642093562264, 38.364600904216246, 41.855753817248335, 45.66459930038176, 49.82004716410372, 54.35363799223721, 59.29978254054753, 64.69602292046115, 70.58331755032751, 77.00635203705441, 84.01387834776318, 91.65908484583684, 100.0]


XXXXXXXXXXXXXXXXXXXXXXXXXXXXXXXXXXXXXXXXXXXXXXXXXXXXXXXXXXXXXXXXXXXXXXXXXXXXXXXX
xxxxxxxxxxxxxxxxxxxxxxxxxxxxxx mu_1 = 1, mu_2 = 1 xxxxxxxxxxxxxxxxxxxxxxxxxxxxxx
XXXXXXXXXXXXXXXXXXXXXXXXXXXXXXXXXXXXXXXXXXXXXXXXXXXXXXXXXXXXXXXXXXXXXXXXXXXXXXXX
rho,RA:BP1,RA:BP1_d,RA:BP1_p,RA:BP1_n,RA:BP2,RA:BP2_d,RA:BP2_p,RA:BP2_n,LF:BP1,LF:BP1_d,LF:BP1_p,LF:BP1_n,LF:BP2,LF:BP2_d,LF:BP2_p,LF:BP2_n,MF:BP1,MF:BP1_d,MF:BP1_p,MF:BP1_n,MF:BP2,MF:BP2_d,MF:BP2_p,MF:BP2_n
7.999999999999997,5.15964470699e-07,0.009782608695652175,0.001,1210,0.0214812348009,0.009782608695652175,0.001,932,8.12367067091e-05,0.009782608695652175,0.001,1396,0.00266365591912,0.009782608695652175,0.001,1309,0.000114384762314,0.009782608695652175,0.001,1116,0.00225734838646,0.009782608695652175,0.001,996
8.727994626452302,1.06718652237e-06,0.009630201415604063,0.001,1227,0.038294842845,0.009630201415604063,0.001,891,0.000194513313435,0.009630201415604063,0.001,1457,0.00640402432009,0.009630201415604063,0.001,1338,0.000284037056576,0.009630201415604063,0.001,1128,0.00544234226284,0.009630201415604063,0.001,973
9.522236274922538,2.07246466436e-06,0.00946925134997203,0.001,1246,0.0632375591318,0.00946925134997203,0.001,846,0.000425095984449,0.00946925134997203,0.001,1531,0.0140535075349,0.00946925134997203,0.001,1371,0.000646491330312,0.00946925134997203,0.001,1142,0.0120089654454,0.00946925134997203,0.001,941
10.388753379916643,3.78570722393e-06,0.009299681611280542,0.001,1266,0.0971510621193,0.009299681611280542,0.001,800,0.000844258055173,0.009299681611280542,0.001,1618,0.0280401238102,0.009299681611280542,0.001,1409,0.00134263699483,0.009299681611280542,0.001,1158,0.0241512964425,0.009299681611280542,0.001,897
11.334122959431337,6.5333679392e-06,0.00912147562388098,0.001,1288,0.139761045499,0.00912147562388098,0.001,759,0.00152139029392,0.00912147562388098,0.001,1719,0.0508430680804,0.00912147562388098,0.001,1456,0.00254039517301,0.00912147562388098,0.001,1177,0.0442203903257,0.00912147562388098,0.001,851
12.365520535683302,1.07218807471e-05,0.008934683791884588,0.001,1314,0.189764334743,0.008934683791884588,0.001,728,0.00249385604279,0.008934683791884588,0.001,1840,0.0840954976008,0.008934683791884588,0.001,1517,0.0043898226506,0.008934683791884588,0.001,1202,0.0739349376275,0.008934683791884588,0.001,818
13.490774598591187,1.68609650926e-05,0.008739429606722448,0.001,1343,0.245216349265,0.008739429606722448,0.001,710,0.00374469758014,0.008739429606722448,0.001,1987,0.127887152279,0.008739429606722448,0.001,1596,0.00697252629172,0.008739429606722448,0.001,1235,0.113678541784,0.008739429606722448,0.001,777
14.718426025397894,2.56126333239e-05,0.00853591493386403,0.001,1377,0.303992160992,0.00853591493386403,0.001,706,0.00520286529149,0.00853591493386403,0.001,2163,0.18073009864,0.00853591493386403,0.001,1694,0.0102767322306,0.00853591493386403,0.001,1277,0.162335850198,0.00853591493386403,0.001,732
16.057792907438575,3.78717788763e-05,0.008324424209669836,0.001,1416,0.364136919538,0.008324424209669836,0.001,714,0.00676553024604,0.008324424209669836,0.001,2373,0.240124785122,0.008324424209669836,0.001,1815,0.0142112320936,0.008324424209669836,0.001,1329,0.21770379782,0.008324424209669836,0.001,787
17.519041276100978,5.4886650495e-05,0.008105327283338903,0.001,1461,0.424048248179,0.008105327283338903,0.001,732,0.00833060278679,0.008105327283338903,0.001,2626,0.303321582108,0.008105327283338903,0.001,1963,0.0186435612922,0.008105327283338903,0.001,1390,0.277204441701,0.008105327283338903,0.001,876
19.113262264800685,7.84337967691e-05,0.007879080657547,0.001,1514,0.482523956636,0.007879080657547,0.001,758,0.00981651853258,0.007879080657547,0.001,2927,0.367871696441,0.007879080657547,0.001,2141,0.023438972292,0.007879080657547,0.001,1463,0.338415070817,0.007879080657547,0.001,934
20.852556292644252,0.000111074994608,0.007646226915996234,0.001,1574,0.538724220544,0.007646226915996234,0.001,792,0.0111721694126,0.007646226915996234,0.001,3288,0.431866615961,0.007646226915996234,0.001,2355,0.0284855359133,0.007646226915996234,0.001,1547,0.399444779514,0.007646226915996234,0.001,990
22.750124908749157,0.00015654735579,0.007407392176986151,0.001,1644,0.592092391596,0.007407392176986151,0.001,837,0.0123739710803,0.007407392176986151,0.001,3720,0.493964171338,0.007407392176986151,0.001,2612,0.0337048599236,0.007407392176986151,0.001,1646,0.458914181187,0.007407392176986151,0.001,1052
24.820370994335175,0.000220366610214,0.007163281478241807,0.001,1727,0.642317662739,0.007163281478241807,0.001,891,0.0134202824825,0.007163281478241807,0.001,4242,0.553293786937,0.007163281478241807,0.001,2922,0.0390522980785,0.007163281478241807,0.001,1761,0.515907296989,0.007163281478241807,0.001,1123
27.079008083138774,0.000310786242607,0.006914672077133116,0.001,1826,0.689239858962,0.006914672077133116,0.001,955,0.0143236238323,0.006914672077133116,0.001,4874,0.609344343442,0.006914672077133116,0.001,3296,0.0445131564676,0.006914672077133116,0.001,1894,0.56986809633,0.006914672077133116,0.001,1205
29.543179629911723,0.000440358873221,0.006662404738208623,0.001,1944,0.732807920857,0.006662404738208623,0.001,1030,0.0151071107618,0.006662404738208623,0.001,5646,0.661854992331,0.006662404738208623,0.001,3751,0.050098043294,0.006662404738208623,0.001,2049,0.620499421508,0.006662404738208623,0.001,1300
32.23158913227309,0.000628545943217,0.006407373171529367,0.001,2088,0.77304173319,0.006407373171529367,0.001,1120,0.0158010989185,0.006407373171529367,0.001,6597,0.710733182817,0.006407373171529367,0.001,4306,0.0558393931996,0.006407373171529367,0.001,2230,0.667680916592,0.006407373171529367,0.001,1411
35.164642093562264,0.000906208356104,0.0061505118746367155,0.001,2264,0.810003647547,0.0061505118746367155,0.001,1227,0.0164435286136,0.0061505118746367155,0.001,7780,0.755991370102,0.0061505118746367155,0.001,4990,0.061790151978,0.0061505118746367155,0.001,2443,0.711408047515,0.0061505118746367155,0.001,1542
38.364600904216246,0.00132361377657,0.005892782711775484,0.001,2482,0.843774356556,0.005892782711775484,0.001,1357,0.0170826957037,0.005892782711775484,0.001,9266,0.797703075447,0.005892782711775484,0.001,5840,0.0680249467003,0.005892782711775484,0.001,2694,0.751748063717,0.005892782711775484,0.001,1697
41.855753817248335,0.00196530515296,0.005635160630126102,0.001,2755,0.874431222249,0.005635160630126102,0.001,1515,0.0177834293283,0.005635160630126102,0.001,11155,0.835967916365,0.005635160630126102,0.001,6906,0.0746442134417,0.005635160630126102,0.001,2993,0.788808798128,0.005635160630126102,0.001,1882
45.66459930038176,0.00297907390942,0.005378618959069666,0.001,3097,0.902027845157,0.005378618959069666,0.001,1711,0.0186400546932,0.005378618959069666,0.001,13588,0.870881958565,0.005378618959069666,0.001,8254,0.0817822420022,0.005378618959069666,0.001,3351,0.822715957757,0.005378618959069666,0.001,2104
49.82004716410372,0.00463553922014,0.005124114761167387,0.001,3531,0.926563376662,0.005124114761167387,0.001,1955,0.0198041552607,0.005124114761167387,0.001,16767,0.902503031487,0.005124114761167387,0.001,9973,0.0896207054717,0.005124114761167387,0.001,3784,0.853596448594,0.005124114761167387,0.001,2374
54.35363799223721,0.00745777415066,0.004872574700715361,0.001,4082,0.947942418217,0.004872574700715361,0.001,2259,0.0215494948827,0.004872574700715361,0.001,20971,0.930796656901,0.004872574700715361,0.001,12167,0.0984110079509,0.004872574700715361,0.001,4312,0.881562028299,0.004872574700715361,0.001,2703
59.29978254054753,0.0125140177216,0.004624881867669873,0.001,4762,0.965914850717,0.004624881867669873,0.001,2629,0.0244450131242,0.004624881867669873,0.001,26516,0.955520991064,0.004624881867669873,0.001,14889,0.108510865095,0.004624881867669873,0.001,4963,0.906695093833,0.004624881867669873,0.001,3107
64.69602292046115,0.0220402886219,0.004381863943733522,0.001,5516,0.98002562039,0.004381863943733522,0.001,3037,0.0298969943062,0.004381863943733522,0.001,33230,0.975936916303,0.004381863943733522,0.001,17775,0.120445293299,0.004381863943733522,0.001,5769,0.929029238121,0.004381863943733522,0.001,3606
70.58331755032751,0.0402287794686,0.004144283027560183,0.001,6116,0.989776042323,0.004144283027560183,0.001,3389,0.0420499772553,0.004144283027560183,0.001,36438,0.990184688693,0.004144283027560183,0.001,18552,0.13500642476,0.004144283027560183,0.001,6766,0.948521533431,0.004144283027560183,0.001,4218
77.00635203705441,0.0719467098581,0.003912827352831889,0.001,6312,0.995301435724,0.003912827352831889,0.001,3580,0.0700596385966,0.003912827352831889,0.001,29354,0.996683376943,0.003912827352831889,0.001,15233,0.153405131306,0.003912827352831889,0.001,7966,0.965017094708,0.003912827352831889,0.001,4945
84.01387834776318,0.117693762034,0.003688105042587146,0.001,6182,0.997830463453,0.003688105042587146,0.001,3623,0.115879990781,0.003688105042587146,0.001,21482,0.998634601912,0.003688105042587146,0.001,11753,0.177421801723,0.003688105042587146,0.001,9289,0.978225202248,0.003688105042587146,0.001,5735
91.65908484583684,0.172460218156,0.003470639951955891,0.001,5975,0.998839779473,0.003470639951955891,0.001,3617,0.171475965287,0.003470639951955891,0.001,16564,0.999191090411,0.003470639951955891,0.001,9531,0.209192539839,0.003470639951955891,0.001,10425,0.987808453133,0.003470639951955891,0.001,6417
100.0,0.230513361815,0.0032608695652173916,0.001,5820,0.999226858261,0.0032608695652173916,0.001,3620,0.230054565286,0.0032608695652173916,0.001,13658,0.999372548649,0.0032608695652173916,0.001,8185,0.249765394314,0.0032608695652173916,0.001,10945,0.993782526579,0.0032608695652173916,0.001,6770
Generating the state space took 0:00:00.277857


XXXXXXXXXXXXXXXXXXXXXXXXXXXXXXXXXXXXXXXXXXXXXXXXXXXXXXXXXXXXXXXXXXXXXXXXXXXXXXXX
xxxxxxxxxxxxxxxxxxxxxxxxxxxxxxx m1 = 80, n2 = 4 xxxxxxxxxxxxxxxxxxxxxxxxxxxxxxxx
XXXXXXXXXXXXXXXXXXXXXXXXXXXXXXXXXXXXXXXXXXXXXXXXXXXXXXXXXXXXXXXXXXXXXXXXXXXXXXXX
Using the precise chain
Using the iterative approximation method
Using the reduced state space
The state space has 4851 states
Running simulations for rho = [7.999999999999997, 8.727994626452302, 9.522236274922538, 10.388753379916643, 11.334122959431337, 12.365520535683302, 13.490774598591187, 14.718426025397894, 16.057792907438575, 17.519041276100978, 19.113262264800685, 20.852556292644252, 22.750124908749157, 24.820370994335175, 27.079008083138774, 29.543179629911723, 32.23158913227309, 35.164642093562264, 38.364600904216246, 41.855753817248335, 45.66459930038176, 49.82004716410372, 54.35363799223721, 59.29978254054753, 64.69602292046115, 70.58331755032751, 77.00635203705441, 84.01387834776318, 91.65908484583684, 100.0]


XXXXXXXXXXXXXXXXXXXXXXXXXXXXXXXXXXXXXXXXXXXXXXXXXXXXXXXXXXXXXXXXXXXXXXXXXXXXXXXX
xxxxxxxxxxxxxxxxxxxxxxxxxxxxxx mu_1 = 1, mu_2 = 1 xxxxxxxxxxxxxxxxxxxxxxxxxxxxxx
XXXXXXXXXXXXXXXXXXXXXXXXXXXXXXXXXXXXXXXXXXXXXXXXXXXXXXXXXXXXXXXXXXXXXXXXXXXXXXXX
rho,R:BP1,R:BP1_d,R:BP1_p,R:BP1_n,R:BP2,R:BP2_d,R:BP2_p,R:BP2_n,LM:BP1,LM:BP1_d,LM:BP1_p,LM:BP1_n,LM:BP2,LM:BP2_d,LM:BP2_p,LM:BP2_n
7.999999999999997,5.24487521128e-07,0.009782608695652175,0.001,1208,0.0214559278018,0.009782608695652175,0.001,932,8.91057214763e-05,0.009782608695652175,0.001,1205,0.00251610632367,0.009782608695652175,0.001,1078
8.727994626452302,1.08386224481e-06,0.009630201415604063,0.001,1225,0.0382621533189,0.009630201415604063,0.001,890,0.000217634466196,0.009630201415604063,0.001,1233,0.0060362654403,0.009630201415604063,0.001,1064
9.522236274922538,2.10097871389e-06,0.00946925134997203,0.001,1243,0.0632062099636,0.00946925134997203,0.001,843,0.000486393404679,0.00946925134997203,0.001,1264,0.0132369617466,0.00946925134997203,0.001,1043
10.388753379916643,3.82702584616e-06,0.009299681611280542,0.001,1262,0.0971373383452,0.009299681611280542,0.001,795,0.000990340286115,0.009299681611280542,0.001,1300,0.0264283806876,0.009299681611280542,0.001,1021
11.334122959431337,6.58024632308e-06,0.00912147562388098,0.001,1283,0.139786081899,0.00912147562388098,0.001,751,0.00183462897972,0.00912147562388098,0.001,1343,0.048010901676,0.00912147562388098,0.001,1005
12.365520535683302,1.07509090613e-05,0.008934683791884588,0.001,1308,0.18984845626,0.008934683791884588,0.001,716,0.00310039380546,0.008934683791884588,0.001,1394,0.0796329384359,0.008934683791884588,0.001,1009
13.490774598591187,1.6822942699e-05,0.008739429606722448,0.001,1336,0.245373452234,0.008739429606722448,0.001,693,0.00481172779198,0.008739429606722448,0.001,1457,0.121492995417,0.008739429606722448,0.001,1040
14.718426025397894,2.54220760029e-05,0.00853591493386403,0.001,1368,0.304226437739,0.00853591493386403,0.001,682,0.0069256043686,0.00853591493386403,0.001,1535,0.172263417512,0.00853591493386403,0.001,1088
16.057792907438575,3.73961005274e-05,0.008324424209669836,0.001,1405,0.364444328669,0.008324424209669836,0.001,684,0.00934927978418,0.008324424209669836,0.001,1630,0.229594695726,0.008324424209669836,0.001,1147
17.519041276100978,5.3934241758e-05,0.008105327283338903,0.001,1447,0.424421428009,0.008105327283338903,0.001,698,0.0119719164876,0.008105327283338903,0.001,1743,0.290835411845,0.008105327283338903,0.001,1216
19.113262264800685,7.67405342349e-05,0.007879080657547,0.001,1496,0.482947616576,0.007879080657547,0.001,722,0.0146929509529,0.007879080657547,0.001,1875,0.353583541469,0.007879080657547,0.001,1295
20.852556292644252,0.000108288442177,0.007646226915996234,0.001,1553,0.539181376296,0.007646226915996234,0.001,753,0.017437432262,0.007646226915996234,0.001,2030,0.415944031258,0.007646226915996234,0.001,1386
22.750124908749157,0.000152207013058,0.007407392176986151,0.001,1619,0.592567693459,0.007407392176986151,0.001,795,0.0201601498655,0.007407392176986151,0.001,2210,0.476564918641,0.007407392176986151,0.001,1492
24.820370994335175,0.000213882227568,0.007163281478241807,0.001,1696,0.642789159936,0.007163281478241807,0.001,847,0.0228427698028,0.007163281478241807,0.001,2420,0.534561935656,0.007163281478241807,0.001,1614
27.079008083138774,0.000301416127344,0.006914672077133116,0.001,1787,0.689692439863,0.006914672077133116,0.001,908,0.0254888507069,0.006914672077133116,0.001,2666,0.5894051533,0.006914672077133116,0.001,1757
29.543179629911723,0.000427193778778,0.006662404738208623,0.001,1897,0.733228026826,0.006662404738208623,0.001,980,0.0281192971904,0.006662404738208623,0.001,2954,0.640819661578,0.006662404738208623,0.001,1924
32.23158913227309,0.000610508756927,0.006407373171529367,0.001,2031,0.773418293729,0.006407373171529367,0.001,1066,0.0307700193715,0.006407373171529367,0.001,3295,0.688700936486,0.006407373171529367,0.001,2122
35.164642093562264,0.000882095369313,0.0061505118746367155,0.001,2197,0.810328075776,0.0061505118746367155,0.001,1170,0.033491826727,0.0061505118746367155,0.001,3700,0.733056005485,0.0061505118746367155,0.001,2357
38.364600904216246,0.00129222221254,0.005892782711775484,0.001,2403,0.84404034149,0.005892782711775484,0.001,1296,0.0363535618363,0.005892782711775484,0.001,4188,0.773957939018,0.005892782711775484,0.001,2640
41.855753817248335,0.00192573749079,0.005635160630126102,0.001,2662,0.874635035111,0.005635160630126102,0.001,1450,0.0394490736878,0.005635160630126102,0.001,4781,0.811515091334,0.005635160630126102,0.001,2983
45.66459930038176,0.00293137743264,0.005378618959069666,0.001,2992,0.90216772982,0.005378618959069666,0.001,1641,0.0429105149288,0.005378618959069666,0.001,5511,0.845845837806,0.005378618959069666,0.001,3404
49.82004716410372,0.00458199985804,0.005124114761167387,0.001,3412,0.926641590505,0.005124114761167387,0.001,1881,0.0469326382351,0.005124114761167387,0.001,6422,0.877057030917,0.005124114761167387,0.001,3927
54.35363799223721,0.00740523284491,0.004872574700715361,0.001,3948,0.947962471417,0.004872574700715361,0.001,2179,0.0518187469556,0.004872574700715361,0.001,7578,0.905219649226,0.004872574700715361,0.001,4588
59.29978254054753,0.0124770647139,0.004624881867669873,0.001,4613,0.965886597044,0.004624881867669873,0.001,2543,0.0580725537342,0.004624881867669873,0.001,9066,0.93033249879,0.004624881867669873,0.001,5430
64.69602292046115,0.0220407234097,0.004381863943733522,0.001,5355,0.979967468919,0.004381863943733522,0.001,2947,0.0665939490847,0.004381863943733522,0.001,10992,0.952258343273,0.004381863943733522,0.001,6499
70.58331755032751,0.0402752947649,0.004144283027560183,0.001,5958,0.989716716158,0.004144283027560183,0.001,3303,0.0791145182782,0.004144283027560183,0.001,13388,0.970601937854,0.004144283027560183,0.001,7781
77.00635203705441,0.0720077596047,0.003912827352831889,0.001,6176,0.995261692094,0.003912827352831889,0.001,3504,0.0990583710211,0.003912827352831889,0.001,15747,0.984541047131,0.003912827352831889,0.001,8979
84.01387834776318,0.1177353844,0.003688105042587146,0.001,6075,0.997811781357,0.003688105042587146,0.001,3561,0.131650746717,0.003688105042587146,0.001,16379,0.993146808085,0.003688105042587146,0.001,9332
91.65908484583684,0.172480617688,0.003470639951955891,0.001,5890,0.998831643237,0.003470639951955891,0.001,3565,0.178220845786,0.003470639951955891,0.001,14964,0.997107096232,0.003470639951955891,0.001,8733
100.0,0.230521911855,0.0032608695652173916,0.001,5752,0.999224477027,0.0032608695652173916,0.001,3578,0.232741997727,0.0032608695652173916,0.001,13125,0.998600027007,0.0032608695652173916,0.001,7903


XXXXXXXXXXXXXXXXXXXXXXXXXXXXXXXXXXXXXXXXXXXXXXXXXXXXXXXXXXXXXXXXXXXXXXXXXXXXXXXX
xxxxxxxxxxxxxxxxxxxxxxxxxxxxxxx m1 = 80, n2 = 4 xxxxxxxxxxxxxxxxxxxxxxxxxxxxxxxx
XXXXXXXXXXXXXXXXXXXXXXXXXXXXXXXXXXXXXXXXXXXXXXXXXXXXXXXXXXXXXXXXXXXXXXXXXXXXXXXX
Generating the state space took 0:00:00.279217
Using the partially imprecise chain with the policies R, LM.
The state space has 4851 states
Running simulations for rho = [7.999999999999997, 8.727994626452302, 9.522236274922538, 10.388753379916643, 11.334122959431337, 12.365520535683302, 13.490774598591187, 14.718426025397894, 16.057792907438575, 17.519041276100978, 19.113262264800685, 20.852556292644252, 22.750124908749157, 24.820370994335175, 27.079008083138774, 29.543179629911723, 32.23158913227309, 35.164642093562264, 38.364600904216246, 41.855753817248335, 45.66459930038176, 49.82004716410372, 54.35363799223721, 59.29978254054753, 64.69602292046115, 70.58331755032751, 77.00635203705441, 84.01387834776318, 91.65908484583684, 100.0]
Maximum number of iterations is 1000000


XXXXXXXXXXXXXXXXXXXXXXXXXXXXXXXXXXXXXXXXXXXXXXXXXXXXXXXXXXXXXXXXXXXXXXXXXXXXXXXX
xxxxxxxxxxxxxxxxxxxxxxxxxxxxxx mu_1 = 1, mu_2 = 1 xxxxxxxxxxxxxxxxxxxxxxxxxxxxxx
XXXXXXXXXXXXXXXXXXXXXXXXXXXXXXXXXXXXXXXXXXXXXXXXXXXXXXXXXXXXXXXXXXXXXXXXXXXXXXXX
rho,R:BP1L,R:BP1L_d,R:BP1L_p,R:BP1L_n,R:BP1U,R:BP1U_d,R:BP1U_p,R:BP1U_n,R:BP2L,R:BP2L_d,R:BP2L_p,R:BP2L_n,R:BP2U,R:BP2U_d,R:BP2U_p,R:BP2U_n,LM:BP1L,LM:BP1L_d,LM:BP1L_p,LM:BP1L_n,LM:BP1U,LM:BP1U_d,LM:BP1U_p,LM:BP1U_n,LM:BP2L,LM:BP2L_d,LM:BP2L_p,LM:BP2L_n,LM:BP2U,LM:BP2U_d,LM:BP2U_p,LM:BP2U_n
7.999999999999997,3.15497137427e-07,0.002717391304347826,0.001,4404,1.90089236854e-06,0.002717391304347826,0.001,4145,0.0165536023351,0.002717391304347826,0.001,3106,0.0236092742938,0.002717391304347826,0.001,3573,6.54628435404e-05,0.002717391304347826,0.001,5359,0.00013295983719,0.002717391304347826,0.001,3876,0.00209844779318,0.002717391304347826,0.001,3877,0.00294808807575,0.002717391304347826,0.001,5140
8.727994626452302,5.90184257453e-07,0.0026750559487789065,0.001,4466,4.63560751425e-06,0.0026750559487789065,0.001,4192,0.0295281416667,0.0026750559487789065,0.001,3088,0.0426017462619,0.0026750559487789065,0.001,3504,0.000153901363178,0.0026750559487789065,0.001,5655,0.000333666231419,0.0026750559487789065,0.001,3913,0.00506023704381,0.0026750559487789065,0.001,4167,0.00706210321449,0.0026750559487789065,0.001,5348
9.522236274922538,1.02311173804e-06,0.0026303475972144527,0.001,4532,1.05891734923e-05,0.0026303475972144527,0.001,4243,0.0489085228743,0.0026303475972144527,0.001,3173,0.0712388977823,0.0026303475972144527,0.001,3438,0.000329451760243,0.0026303475972144527,0.001,6053,0.000767992114753,0.0026303475972144527,0.001,3956,0.0111593921138,0.0026303475972144527,0.001,4518,0.0154237746518,0.0026303475972144527,0.001,5591
10.388753379916643,1.6462274684e-06,0.002583244892022373,0.001,4604,2.26361100973e-05,0.002583244892022373,0.001,4296,0.0754876679728,0.002583244892022373,0.001,3220,0.110750023952,0.002583244892022373,0.001,3385,0.000639188090991,0.002583244892022373,0.001,6526,0.00161384153338,0.002583244892022373,0.001,4004,0.0224040681613,0.002583244892022373,0.001,4899,0.0305995224757,0.002583244892022373,0.001,5845
11.334122959431337,2.4697322695e-06,0.002533743228855828,0.001,4685,4.53612579429e-05,0.002533743228855828,0.001,4352,0.109202044993,0.002533743228855828,0.001,3251,0.160896119217,0.002533743228855828,0.001,3351,0.00112088707739,0.002533743228855828,0.001,7042,0.00309097123715,0.002533743228855828,0.001,4063,0.0409078879211,0.002533743228855828,0.001,5298,0.0551276827691,0.002533743228855828,0.001,6149
12.365520535683302,3.47869718057e-06,0.00248185660885683,0.001,4779,8.55588735105e-05,0.00248185660885683,0.001,4415,0.149175665079,0.00248185660885683,0.001,3281,0.219886099467,0.00248185660885683,0.001,3338,0.00178126082312,0.00248185660885683,0.001,7710,0.00540780289902,0.00248185660885683,0.001,4139,0.0681750268782,0.00248185660885683,0.001,5738,0.0905763978642,0.00248185660885683,0.001,6560
13.490774598591187,4.63954907486e-06,0.00242761933520068,0.001,4887,0.000152743866336,0.00242761933520068,0.001,4486,0.194008295679,0.00242761933520068,0.001,3320,0.284795451073,0.00242761933520068,0.001,3344,0.00258525607443,0.00242761933520068,0.001,8576,0.00869651740776,0.00242761933520068,0.001,4239,0.104510650997,0.00242761933520068,0.001,6243,0.136856790915,0.00242761933520068,0.001,7054
14.718426025397894,5.91283620208e-06,0.002371087481628897,0.001,5013,0.000259729412838,0.002371087481628897,0.001,4567,0.242133038688,0.002371087481628897,0.001,3375,0.352264735147,0.002371087481628897,0.001,3370,0.00345756236747,0.002371087481628897,0.001,9563,0.0129756563467,0.002371087481628897,0.001,4367,0.14894051166,0.002371087481628897,0.001,6820,0.192239425545,0.002371087481628897,0.001,7660
16.057792907438575,7.26610290906e-06,0.002312340058241621,0.001,5158,0.000423357496478,0.002312340058241621,0.001,4659,0.292092675549,0.002312340058241621,0.001,3452,0.419205319017,0.002312340058241621,0.001,3407,0.00431139815586,0.002312340058241621,0.001,10877,0.0181603890247,0.002312340058241621,0.001,4524,0.199638740698,0.002312340058241621,0.001,7514,0.254032236279,0.002312340058241621,0.001,8458
17.519041276100978,8.68291020929e-06,0.002251479800927473,0.001,5328,0.00066547159259,0.002251479800927473,0.001,4765,0.342683000497,0.002251479800927473,0.001,3556,0.483299173428,0.002251479800927473,0.001,3454,0.00507152388745,0.002251479800927473,0.001,12476,0.0241059202516,0.002251479800927473,0.001,4712,0.254492946519,0.002251479800927473,0.001,8339,0.319471994475,0.002251479800927473,0.001,9418
19.113262264800685,1.01668383788e-05,0.0021886335159852777,0.001,5526,0.00101421354599,0.0021886335159852777,0.001,4886,0.392989633576,0.0021886335159852777,0.001,3695,0.543350788032,0.0021886335159852777,0.001,3513,0.00568287477808,0.0021886335159852777,0.001,14514,0.0306551364751,0.0021886335159852777,0.001,4933,0.311546018787,0.0021886335159852777,0.001,9337,0.386047144625,0.0021886335159852777,0.001,10662
20.852556292644252,1.17425308169e-05,0.0021239519211100647,0.001,5764,0.00150571709352,0.0021239519211100647,0.001,5025,0.44236032417,0.0021239519211100647,0.001,3879,0.600169345628,0.0021239519211100647,0.001,3600,0.00612340860581,0.0021239519211100647,0.001,17078,0.0376716253726,0.0021239519211100647,0.001,5192,0.369194893529,0.0021239519211100647,0.001,10554,0.451853065389,0.0021239519211100647,0.001,12199
22.750124908749157,1.34558133428e-05,0.0020576089380517086,0.001,6057,0.00218629110186,0.0020576089380517086,0.001,5185,0.490354859641,0.0020576089380517086,0.001,4122,0.655390556016,0.0020576089380517086,0.001,3768,0.00638731599996,0.0020576089380517086,0.001,20459,0.0450551285231,0.0020576089380517086,0.001,5491,0.426229043497,0.0020576089380517086,0.001,12066,0.515587094772,0.0020576089380517086,0.001,14200
24.820370994335175,1.53761708522e-05,0.001989800410622724,0.001,6438,0.00311521286762,0.001989800410622724,0.001,5372,0.536692715187,0.001989800410622724,0.001,4443,0.708014090096,0.001989800410622724,0.001,4057,0.00648407885552,0.001989800410622724,0.001,24673,0.0527442973212,0.001989800410622724,0.001,5837,0.481773367039,0.001989800410622724,0.001,13949,0.576452042899,0.001989800410622724,0.001,16732
27.079008083138774,1.76041721156e-05,0.0019207422436480876,0.001,6966,0.00436833536195,0.0019207422436480876,0.001,5590,0.581210253568,0.0019207422436480876,0.001,4870,0.757324390317,0.0019207422436480876,0.001,4502,0.00643685584709,0.0019207422436480876,0.001,30418,0.0607136667096,0.0019207422436480876,0.001,6236,0.535233070736,0.0019207422436480876,0.001,16376,0.63393518252,0.0019207422436480876,0.001,20057
29.543179629911723,2.02890729354e-05,0.0018506679828357287,0.001,7749,0.0060427512378,0.0018506679828357287,0.001,5848,0.623828088577,0.0018506679828357287,0.001,5443,0.80300099434,0.0018506679828357287,0.001,5149,0.00626645160432,0.0018506679828357287,0.001,38216,0.0689688547,0.0018506679828357287,0.001,6697,0.586212865877,0.0018506679828357287,0.001,19544,0.68780885453,0.0018506679828357287,0.001,24495
32.23158913227309,2.36669964425e-05,0.0017798258809803796,0.001,8950,0.00826296349728,0.0017798258809803796,0.001,6155,0.664531583553,0.0017798258809803796,0.001,6218,0.844867801138,0.0017798258809803796,0.001,6060,0.00599789452047,0.0017798258809803796,0.001,48803,0.0775427744745,0.0017798258809803796,0.001,7229,0.634475090252,0.0017798258809803796,0.001,23775,0.738008219788,0.0017798258809803796,0.001,30482
35.164642093562264,2.81481120191e-05,0.001708475520732421,0.001,10778,0.0111891084099,0.001708475520732421,0.001,6523,0.703365508438,0.001708475520732421,0.001,7281,0.882799385976,0.001708475520732421,0.001,7327,0.00565953859055,0.001708475520732421,0.001,63652,0.0864933380525,0.001708475520732421,0.001,7847,0.67990244041,0.001708475520732421,0.001,29584,0.784561338149,0.001708475520732421,0.001,38757
38.364600904216246,3.45336102644e-05,0.0016368840866043011,0.001,13533,0.0150280826547,0.0016368840866043011,0.001,6967,0.740440161916,0.0016368840866043011,0.001,8753,0.916613838638,0.0016368840866043011,0.001,9099,0.00528055513972,0.0016368840866043011,0.001,85258,0.0959039091677,0.0016368840866043011,0.001,8564,0.722469643833,0.0016368840866043011,0.001,37803,0.827549838999,0.0016368840866043011,0.001,50546
41.855753817248335,4.46467019451e-05,0.0015653223972572504,0.001,17795,0.0200487087471,0.0015653223972572504,0.001,7503,0.775961008059,0.0015653223972572504,0.001,10800,0.945950373567,0.0015653223972572504,0.001,11602,0.00489175262292,0.0015653223972572504,0.001,117850,0.105885425962,0.0015653223972572504,0.001,9399,0.762203062379,0.0015653223972572504,0.001,49808,0.867073787694,0.0015653223972572504,0.001,67933
45.66459930038176,6.3688722376e-05,0.001494060821963796,0.001,24712,0.0266021219452,0.001494060821963796,0.001,8151,0.810298085089,0.001494060821963796,0.001,13543,0.970040460855,0.001494060821963796,0.001,15052,0.00452815181262,0.001494060821963796,0.001,168653,0.116581401035,0.001494060821963796,0.001,10376,0.79912436632,0.001494060821963796,0.001,67688,0.903212468911,0.001494060821963796,0.001,94633
49.82004716410372,0.000113245158615,0.0014233652114353853,0.001,35246,0.0351483410174,0.0014233652114353853,0.001,8933,0.844085711515,0.0014233652114353853,0.001,16490,0.987401477827,0.0014233652114353853,0.001,18959,0.00424013236285,0.0014233652114353853,0.001,252207,0.128176007088,0.0014233652114353853,0.001,11519,0.832901562785,0.0014233652114353853,0.001,89972,0.935946719091,0.0014233652114353853,0.001,137967
54.35363799223721,0.000342858835375,0.0013534929724209335,0.001,43282,0.0462878176371,0.0013534929724209335,0.001,9866,0.877892905196,0.0013534929724209335,0.001,17722,0.996602759651,0.0013534929724209335,0.001,20972,0.0041396816806,0.0013534929724209335,0.001,412140,0.140904750569,0.0013534929724209335,0.001,12858,0.862461097148,0.0013534929724209335,0.001,80971,0.964958773014,0.0013534929724209335,0.001,214715
59.29978254054753,0.00180523621663,0.0012846894076860758,0.001,41125,0.0607893219614,0.0012846894076860758,0.001,10964,0.91078245921,0.0012846894076860758,0.001,15963,0.999464563703,0.0012846894076860758,0.001,19762,0.00459050919281,0.0012846894076860758,0.001,747516,0.155068913602,0.0012846894076860758,0.001,14425,0.88798731681,0.0012846894076860758,0.001,9146,0.98879604766,0.0012846894076860758,0.001,342554
64.69602292046115,0.00854666153935,0.0012171844288148671,0.001,34681,0.0795899210751,0.0012171844288148671,0.001,12217,0.939844427097,0.0012171844288148671,0.001,6230,0.999948739289,0.0012171844288148671,0.001,17338,0.0090716929496,0.0012171844288148671,0.001,508836,0.171052453568,0.0012171844288148671,0.001,16245,0.91023781383,0.0012171844288148671,0.001,10353,0.999229372599,0.0012171844288148671,0.001,219573
70.58331755032751,0.0277452493032,0.0011511897298778285,0.001,29085,0.103710598536,0.0011511897298778285,0.001,13578,0.95693872203,0.0011511897298778285,0.001,7924,0.999996765952,0.0011511897298778285,0.001,15331,0.0277791725215,0.0011511897298778285,0.001,220709,0.189336386821,0.0011511897298778285,0.001,18331,0.929686294618,0.0011511897298778285,0.001,11723,0.999974265055,0.0011511897298778285,0.001,102998
77.00635203705441,0.0636852271766,0.0010868964868977471,0.001,25283,0.1340084387,0.0010868964868977471,0.001,14950,0.969720531759,0.0010868964868977471,0.001,8982,0.999999851872,0.0010868964868977471,0.001,14052,0.0636866241505,0.0010868964868977471,0.001,120388,0.210499764728,0.0010868964868977471,0.001,20657,0.94637339824,0.0010868964868977471,0.001,13241,0.999999244119,0.0010868964868977471,0.001,61055
84.01387834776318,0.113368618016,0.001024473622940874,0.001,22934,0.170751577588,0.001024473622940874,0.001,16211,0.979159271625,0.001024473622940874,0.001,9937,0.999999994547,0.001024473622940874,0.001,13347,0.113368661788,0.001024473622940874,0.001,79604,0.235178753491,0.001024473622940874,0.001,23128,0.960319996603,0.001024473622940874,0.001,14849,0.999999979405,0.001024473622940874,0.001,43292
91.65908484583684,0.170391309046,0.0009640666533210809,0.001,21567,0.213237444983,0.0009640666533210809,0.001,17270,0.985829935625,0.0009640666533210809,0.001,10771,0.999999999825,0.0009640666533210809,0.001,13024,0.170391310222,0.0009640666533210809,0.001,59868,0.263939135704,0.0009640666533210809,0.001,25555,0.971563013585,0.0009640666533210809,0.001,16436,0.999999999465,0.0009640666533210809,0.001,34390
100.0,0.22949417581,0.0009057971014492754,0.001,20837,0.259833779041,0.0009057971014492754,0.001,18117,0.990355040977,0.0009057971014492754,0.001,11480,0.999999999995,0.0009057971014492754,0.001,12950,0.229494175839,0.0009057971014492754,0.001,49038,0.297031778803,0.0009057971014492754,0.001,27673,0.980214841195,0.0009057971014492754,0.001,17848,0.999999999987,0.0009057971014492754,0.001,29371


XXXXXXXXXXXXXXXXXXXXXXXXXXXXXXXXXXXXXXXXXXXXXXXXXXXXXXXXXXXXXXXXXXXXXXXXXXXXXXXX
xxxxxxxxxxxxxxxxxxxxxxxxxxxxxxx m1 = 80, n2 = 4 xxxxxxxxxxxxxxxxxxxxxxxxxxxxxxxx
XXXXXXXXXXXXXXXXXXXXXXXXXXXXXXXXXXXXXXXXXXXXXXXXXXXXXXXXXXXXXXXXXXXXXXXXXXXXXXXX
Generating the state space took 0:00:00.285296
Using the completely imprecise chain.
The state space has 4851 states
Running simulations for rho = [7.999999999999997, 8.727994626452302, 9.522236274922538, 10.388753379916643, 11.334122959431337, 12.365520535683302, 13.490774598591187, 14.718426025397894, 16.057792907438575, 17.519041276100978, 19.113262264800685, 20.852556292644252, 22.750124908749157, 24.820370994335175, 27.079008083138774, 29.543179629911723, 32.23158913227309, 35.164642093562264, 38.364600904216246, 41.855753817248335, 45.66459930038176, 49.82004716410372, 54.35363799223721, 59.29978254054753, 64.69602292046115, 70.58331755032751, 77.00635203705441, 84.01387834776318, 91.65908484583684, 100.0]
Maximum number of iterations is 1000000


XXXXXXXXXXXXXXXXXXXXXXXXXXXXXXXXXXXXXXXXXXXXXXXXXXXXXXXXXXXXXXXXXXXXXXXXXXXXXXXX
xxxxxxxxxxxxxxxxxxxxxxxxxxxxxx mu_1 = 1, mu_2 = 1 xxxxxxxxxxxxxxxxxxxxxxxxxxxxxx
XXXXXXXXXXXXXXXXXXXXXXXXXXXXXXXXXXXXXXXXXXXXXXXXXXXXXXXXXXXXXXXXXXXXXXXXXXXXXXXX
rho,I:BP1L,I:BP1L_d,I:BP1L_p,I:BP1L_n,I:BP1U,I:BP1U_d,I:BP1U_p,I:BP1U_n,I:BP2L,I:BP2L_d,I:BP2L_p,I:BP2L_n,I:BP2U,I:BP2U_d,I:BP2U_p,I:BP2U_n
7.999999999999997,7.1030150314e-08,0.002717391304347826,0.001,4471,0.00013295983719,0.002717391304347826,0.001,3876,0.00199897948301,0.002717391304347826,0.001,3772,0.0779746380561,0.002717391304347826,0.001,3586
8.727994626452302,1.02755099967e-07,0.0026750559487789065,0.001,4526,0.000333666231419,0.0026750559487789065,0.001,3913,0.00467689159038,0.0026750559487789065,0.001,3737,0.121977644893,0.0026750559487789065,0.001,3529
9.522236274922538,1.35521260756e-07,0.0026303475972144527,0.001,4586,0.000767992114753,0.0026303475972144527,0.001,3956,0.00996003706006,0.0026303475972144527,0.001,3672,0.178630078527,0.0026303475972144527,0.001,3470
10.388753379916643,1.64038372641e-07,0.002583244892022373,0.001,4654,0.00161384153338,0.002583244892022373,0.001,4004,0.0193320359927,0.002583244892022373,0.001,3581,0.246031674874,0.002583244892022373,0.001,3415
11.334122959431337,1.83919062071e-07,0.002533743228855828,0.001,4732,0.00309097123715,0.002533743228855828,0.001,4063,0.0343690162119,0.002533743228855828,0.001,3466,0.320323705504,0.002533743228855828,0.001,3373
12.365520535683302,1.93141793446e-07,0.00248185660885683,0.001,4823,0.00540780289902,0.00248185660885683,0.001,4139,0.0563810831094,0.00248185660885683,0.001,3322,0.396570631177,0.00248185660885683,0.001,3347
13.490774598591187,1.92328128197e-07,0.00242761933520068,0.001,4926,0.00869651740776,0.00242761933520068,0.001,4239,0.0860777805631,0.00242761933520068,0.001,3141,0.470149034957,0.00242761933520068,0.001,3336
14.718426025397894,1.8397889406e-07,0.002371087481628897,0.001,5045,0.0129756563467,0.002371087481628897,0.001,4367,0.123387323128,0.002371087481628897,0.001,2877,0.537936316189,0.002371087481628897,0.001,3325
16.057792907438575,1.71314040566e-07,0.002312340058241621,0.001,5179,0.0181603890247,0.002312340058241621,0.001,4524,0.167521572441,0.002312340058241621,0.001,2312,0.598757525034,0.002312340058241621,0.001,3321
17.519041276100978,1.57339851952e-07,0.002251479800927473,0.001,5331,0.0241059202516,0.002251479800927473,0.001,4712,0.217037498906,0.002251479800927473,0.001,2396,0.652995374911,0.002251479800927473,0.001,3328
19.113262264800685,1.44390618782e-07,0.0021886335159852777,0.001,5501,0.0306551364751,0.0021886335159852777,0.001,4933,0.270288153025,0.0021886335159852777,0.001,2461,0.701838426385,0.0021886335159852777,0.001,3349
20.852556292644252,1.34110126609e-07,0.0021239519211100647,0.001,5693,0.0376716253726,0.0021239519211100647,0.001,5192,0.325642159096,0.0021239519211100647,0.001,2495,0.746496523578,0.0021239519211100647,0.001,3382
22.750124908749157,1.27706724362e-07,0.0020576089380517086,0.001,5910,0.0450551285231,0.0020576089380517086,0.001,5491,0.381675016096,0.0020576089380517086,0.001,2508,0.787618838413,0.0020576089380517086,0.001,3425
24.820370994335175,1.26375808058e-07,0.001989800410622724,0.001,6157,0.0527442973212,0.001989800410622724,0.001,5837,0.437260901692,0.001989800410622724,0.001,2508,0.825450378181,0.001989800410622724,0.001,3481
27.079008083138774,1.31918949036e-07,0.0019207422436480876,0.001,6442,0.0607136667096,0.0019207422436480876,0.001,6236,0.491614052261,0.0019207422436480876,0.001,2691,0.860132476218,0.0019207422436480876,0.001,3560
29.543179629911723,1.47863684822e-07,0.0018506679828357287,0.001,6781,0.0689688547,0.0018506679828357287,0.001,6697,0.54412391569,0.0018506679828357287,0.001,3190,0.891694273309,0.0018506679828357287,0.001,3685
32.23158913227309,1.82100180292e-07,0.0017798258809803796,0.001,7212,0.0775427744745,0.0017798258809803796,0.001,7229,0.594570470915,0.0017798258809803796,0.001,3722,0.919998673826,0.0017798258809803796,0.001,3900
35.164642093562264,2.54673375471e-07,0.001708475520732421,0.001,7824,0.0864933380525,0.001708475520732421,0.001,7847,0.642927456439,0.001708475520732421,0.001,4258,0.944714252833,0.001708475520732421,0.001,4265
38.364600904216246,4.27130632234e-07,0.0016368840866043011,0.001,8844,0.0959039091677,0.0016368840866043011,0.001,8564,0.689273275871,0.0016368840866043011,0.001,4853,0.96530674318,0.0016368840866043011,0.001,4827
41.855753817248335,9.57866185342e-07,0.0015653223972572504,0.001,10654,0.105885425962,0.0015653223972572504,0.001,9399,0.733822551564,0.0015653223972572504,0.001,5502,0.981097491896,0.0015653223972572504,0.001,5572
45.66459930038176,3.59672234375e-06,0.001494060821963796,0.001,13090,0.116581401035,0.001494060821963796,0.001,10376,0.776791795877,0.001494060821963796,0.001,6138,0.991596310074,0.001494060821963796,0.001,6389
49.82004716410372,2.59829456736e-05,0.0014233652114353853,0.001,15039,0.128176007088,0.0014233652114353853,0.001,11519,0.818182872949,0.0014233652114353853,0.001,6632,0.997166091149,0.0014233652114353853,0.001,7110
54.35363799223721,0.00023798558621,0.0013534929724209335,0.001,16020,0.140904750569,0.0013534929724209335,0.001,12858,0.856026138331,0.0013534929724209335,0.001,8080,0.999321962244,0.0013534929724209335,0.001,7630
59.29978254054753,0.00173727948492,0.0012846894076860758,0.001,16362,0.155068913602,0.0012846894076860758,0.001,14425,0.883753070304,0.0012846894076860758,0.001,9263,0.99989017341,0.0012846894076860758,0.001,7997
64.69602292046115,0.00852742937597,0.0012171844288148671,0.001,16369,0.171052453568,0.0012171844288148671,0.001,16245,0.907685307442,0.0012171844288148671,0.001,10470,0.999988224699,0.0012171844288148671,0.001,8314
70.58331755032751,0.0277427774963,0.0011511897298778285,0.001,16219,0.189336386821,0.0011511897298778285,0.001,18331,0.928235123359,0.0011511897298778285,0.001,11825,0.999999151452,0.0011511897298778285,0.001,8638
77.00635203705441,0.0636850558006,0.0010868964868977471,0.001,16072,0.210499764728,0.0010868964868977471,0.001,20657,0.945608952981,0.0010868964868977471,0.001,13324,0.999999956151,0.0010868964868977471,0.001,8985
84.01387834776318,0.113368610119,0.001024473622940874,0.001,16041,0.235178753491,0.001024473622940874,0.001,23128,0.959952655458,0.001024473622940874,0.001,14912,0.999999998217,0.001024473622940874,0.001,9359
91.65908484583684,0.17039130876,0.0009640666533210809,0.001,16159,0.263939135704,0.0009640666533210809,0.001,25555,0.971403820758,0.0009640666533210809,0.001,16480,0.999999999938,0.0009640666533210809,0.001,9762
100.0,0.229494175801,0.0009057971014492754,0.001,16419,0.297031778803,0.0009057971014492754,0.001,27673,0.980152575828,0.0009057971014492754,0.001,17875,0.999999999998,0.0009057971014492754,0.001,10195
